10111111111111111111111111111111111111111111111111
10110010131110113111112111111111113111011311111311
00100003110102203133111311111111111111210331121331
00100003111022203113111111111111111111310330320330
00100003111122200113111311111111111111310331300330
00100000110122203113111311111111111111311331301331
00100003101022103113102111111122111113310131320330
00100000110302223013112111111211111111103331331231
33333333333333333333333333333333333333333333333333
22222222222222222222222222222222222222222222222222
11111111111111111111111111111111111111111111111111
00000000000000000000000000000000000000000000000000
11300010111122003130312321321322321322300330303331
01300010111100201333123323323121123321303313133303
03130000001120203033313121121122222122131120121111
00100000011022200013122111111211211111331331210300
01000101011100000000123323223213223233323313203313
03100200131100003330311121121112121222101131121131
01300100111011100000123323323322123323313313302323
03100000010000203333321121121111121122123130002131
01300000111103300100113323323322122323310313113313
01300000111000200131133323323322223333313310113310
00100000110122203333111111111211222321331333200330
00020000001100213030321321321121321321131131332131
03100100011300300330321121121121321121131121122131
01300000011100010100133323323322322333313313023310
00100000011000200303121111111211211111331333000131
00020010111100200303321321321321321321331133201131
03100000110000000333311121121121322122131133020131
01300000111000200131131323323323222333313310113310
01300000111100201033133323332333222332313313010310
03130000000300203333311121121122122122131131123131
03130000030303000313112122121101122122130131121120
00020100110102000130123123223123223323313313303311
03000000131120223333212232212212212212232130030131
01300001111100200030123323323323121323313323320311
03100000010003000333311121121121322122131133131131
01300000111100220001123323323323123323331313100313
03130003010000003333311121121122322122120133121131
03100000010020200033321121121121321122132130030121
01300000111101100130133323333333132332313313310310
01300001111100200130133323323322122323323313320311
03100300011300000333321121121121311121131131101130
03102022020223200033301121211212222312331230312123
01310000111100211101133323323322222322313313113311
03130000001020103333311121121122322122131131101131
03100000130000003333311121121121322122133130220131
01300000011100210100133323323322123323313313223310
01300000111000200131131323323323222333313310113310
01300000111100201033133323332333222332313313010310
01300001111100200033123323323322123323320313013310
01310000111120200301123323323322122323213313010310
03130000000303230333112122111121122122121130121131
03130000330300003333311121121122222122131130030131
00020000010020220030123123123323123323213313313313